59061			0
60062			0
61063			0
62064			0
63065			0
64066			0
65067			0
66068			0
67069			0
68070			0
69071			1
70072			1
71073			0
72074			0
73075			0
74076			0
75077			1
76078			1
77079			0
78080			0
79081			0
80082			1
81083			0
82084			0
83085			0
84086			2
85087			0
86088			1
87089			2
88090			0
89091			0
90092			0
91094			2
92095			0
93096			0
94097			0
95098			0
96099			0
97100			0
98101			0
99102			1
100103			0
101104			0
102105			0
103106			1
104107			0
105108			0
106109			0
107110			0
108111			0
109112			1
110113			0
111114			0
112115			0
113116			1
114117			0
115118			1
116119			0
117120			1
118121			0
119122			0
120123			0
121124			1
122125			0
123126			0
124127			0
125128			1
126129			0
127130			0
128131			0
129132			0
130134			0
131135			0
132136			0
133137			0
134138			1
135139			0
136140			0
137141			1
138142			0
139143			0
140144			0
141145			0
142146			0
143147			1
144148			0
145149			1
146150			0
147151			0
148152			0
149153			1
150154			1
151155			0
152156			1
153157			2
154158			0
155159			0
156160			0
157161			1
158162			0
159163			0
160164			0
161165			1
162166			1
163167			0
164168			0
165169			0
166170			0
167171			1
168172			1
169174			0
170175			2
171176			0
172177			1
173178			1
174179			0
175180			0
176181			2
177182			0
178183			1
179184			0
180185			0
181186			1
182187			0
183188			0
184189			0
185190			0
186191			1
187192			0
188193			0
189194			2
190195			0
191196			2
192197			0
193198			0
194199			0
195200			1
196201			0
197202			0
198203			0
199204			1
200205			1
201206			0
202207			0
203208			0
204209			0
205210			0
206211			1
207212			0
208214			0
209215			2
210216			2
211217			3
212218			0
213219			1
214220			2
215221			0
216222			0
217223			0
218224			0
219225			0
220226			0
221227			0
222228			1
223229			1
224230			2
225231			0
226232			0
227233			0
228234			1
229235			0
230236			1
231237			1
232238			0
233239			0
234240			0
235241			0
236242			0
237243			0
238244			0
239245			1
240246			0
241247			1
242248			0
243249			0
244250			0
245251			1
246252			0
247254			0
248255			0
249256			0
250257			0
251258			0
252259			0
253260			0
254261			1
255262			0
256263			1
257264			0
258265			0
259266			0
260267			1
261268			0
262269			1
263270			1
264271			0
265272			0
266273			1
267274			1
268275			0
269276			4
270277			2
271278			1
272279			0
273280			0
274281			0
275282			0
276283			0
277284			0
278285			0
279286			0
280287			0
281288			0
282289			1
283290			0
284291			0
285292			0
286294			0
287295			0
288296			1
289297			1
290298			0
291299			0
292300			0
293301			1
294302			0
295303			0
296304			0
297305			0
298306			0
299307			0
300308			0
301309			0
302310			0
303311			1
304312			1
305313			0
306314			0
307315			0
308316			1
309317			0
310318			0
311319			0
312320			1
313321			0
314322			0
315323			0
316324			0
317325			0
318326			1
319327			1
320328			0
321329			0
322330			0
323331			0
324332			1
325334			0
326335			1
327336			0
328337			0
329338			0
330339			0
331340			2
332341			0
333342			0
334343			0
335344			0
336345			0
337346			0
338347			0
339348			0
340349			0
341350			0
342351			1
343352			0
344353			0
345354			0
346355			2
347356			0
348357			2
349358			1
350359			0
351360			1
352361			0
353362			0
354363			0
355364			0
356365			0
357366			0
358367			0
359368			0
360369			1
361370			0
362371			0
363372			1
364374			0
365375			0
366376			0
367377			0
368378			0
369379			0
370380			1
371381			0
372382			0
373383			0
374384			0
375385			1
376386			0
377387			0
378388			0
379389			1
380390			0
381391			0
382392			1
383393			0
384394			2
385395			0
386396			0
387397			0
388398			1
389399			1
390400			1
391401			0
392402			0
393403			1
394404			0
395405			1
396406			1
397407			1
398408			1
399409			0
400410			0
401411			0
402412			0
403414			0
404415			0
405416			1
406417			0
407418			0
408419			1
409420			0
410421			1
411422			2
412423			0
413424			1
414425			0
415426			1
416427			0
417428			0
418429			0
419430			2
420431			1
421432			1
422433			1
423434			0
424435			0
425436			0
426437			0
427438			0
428439			0
429440			2
430441			0
431442			0
432443			0
433444			0
434445			0
435446			0
436447			0
437448			0
438449			1
439450			0
440451			1
441452			0
442454			0
443455			1
444456			0
445457			0
446458			0
447459			1
448460			0
449461			1
450462			1
451463			0
452464			0
453465			0
454466			0
455467			0
456468			1
457469			1
458470			0
459471			1
460472			0
461473			0
462474			0
463475			1
464476			0
465477			0
466478			1
467479			0
468480			1
469481			0
470482			1
471483			1
472484			0
473485			0
474486			0
475487			0
476488			0
477489			0
478490			0
479491			0
480492			0
481494			1
482495			0
483496			1
484497			1
485498			0
486499			1
487500			1
488501			0
489502			0
490503			0
491504			0
492505			0
493506			0
494507			1
495508			0
496509			1
497510			0
498511			1
499512			0
500513			2
501514			0
502515			1
503516			0
504517			0
505518			0
506519			2
507520			0
508521			0
509522			0
510523			1
511524			0
512525			0
513526			0
514527			0
515528			0
516529			1
517530			1
518531			1
519532			2
520534			1
521535			0
522536			0
523537			0
524538			0
525539			0
526540			1
527541			0
528542			0
529543			0
530544			0
531545			1
532546			1
533547			0
534548			0
535549			0
536550			1
537551			0
538552			0
539553			0
540554			0
541555			0
542556			0
543557			0
544558			1
545559			1
546560			0
547561			0
548562			0
549563			1
550564			1
551565			1
552566			0
553567			0
554568			0
555569			1
556570			0
557571			0
558572			0
559574			0
560575			0
561576			1
562577			0
563578			0
564579			0
565580			0
566581			1
567582			0
568583			0
569584			0
570585			0
571586			0
572587			0
573588			1
574589			0
575590			0
576591			0
577592			0
578593			1
579594			0
580595			0
581596			0
582597			1
583598			0
584599			0
585600			1
586601			0
587602			0
588603			1
589604			1
590605			0
591606			0
592607			0
593608			0
594609			0
595610			0
596611			0
597612			1
598614			0
599615			2
600616			0
601617			0
602618			0
603619			0
604620			1
605621			1
606622			0
607623			1
608624			1
609625			0
610626			2
611627			0
612628			1
613629			0
614630			0
615631			1
616632			1
617633			0
618634			2
619635			2
620636			0
621637			0
622638			1
623639			0
624640			0
625641			1
626642			1
627643			0
628644			0
629645			1
630646			0
631647			0
632648			1
633649			0
634650			2
635651			0
636652			1
637654			0
638655			2
639656			1
640657			0
641658			1
642659			1
643660			0
644661			0
645662			1
646663			0
647664			0
648665			0
649666			0
650667			0
651668			0
652669			0
653670			1
654671			1
655672			0
656673			2
657674			0
658675			0
659676			0
660677			0
661678			0
662679			1
663680			1
664681			0
665682			0
666683			0
667684			0
668685			0
669686			0
670687			0
671688			0
672689			0
673690			0
674691			0
675692			0
676694			0
677695			0
678696			0
679697			0
680698			0
681699			1
682700			0
683701			1
684702			0
685703			0
686704			0
687705			0
688706			1
689707			0
690708			0
691709			1
692710			0
693711			1
694712			0
695713			0
696714			1
697715			0
698716			1
699717			1
700718			0
701719			0
702720			0
703721			0
704722			0
705723			0
706724			0
707725			0
708726			0
709727			0
710728			0
711729			0
712730			0
713731			0
714732			0
715734			0
716735			1
717736			1
718737			1
719738			1
720739			0
721740			0
722741			0
723742			1
724743			0
725744			0
726745			1
727746			0
728747			0
729748			1
730749			0
731750			1
732751			0
733752			1
734753			0
735754			0
736755			1
737756			0
738757			0
739758			0
740759			0
741760			1
742761			1
743762			0
744763			0
745764			1
746765			0
747766			0
748767			3
749768			0
750769			2
751770			0
752771			1
753772			0
754774			0
755775			0
756776			1
757777			0
758778			0
759779			0
760780			0
761781			1
762782			1
763783			1
764784			0
765785			0
766786			1
767787			1
768788			0
769789			1
770790			1
771791			0
772792			1
773793			1
774794			0
775795			0
776796			0
777797			0
778798			0
779799			0
780800			1
781801			0
782802			0
783803			0
784804			0
785805			0
786806			0
787807			1
788808			0
789809			1
790810			0
791811			0
792812			0
793814			0
794815			2
795816			1
796817			0
797818			0
798819			0
799820			0
800821			0
801822			2
802823			1
803824			1
804825			0
805826			0
806827			0
807828			0
808829			0
809830			0
810831			0
811832			0
812833			1
813834			0
814835			0
815836			0
816837			1
817838			0
818839			0
819840			1
820841			0
821842			0
822843			0
823844			0
824845			0
825846			1
826847			0
827848			0
828849			2
829850			1
830851			0
831852			0
832854			0
833855			0
834856			2
835857			1
836858			1
837859			0
838860			0
839861			1
840862			0
841863			0
842864			0
843865			0
844866			0
845867			0
846868			0
847869			0
848870			0
849871			1
850872			0
851873			1
852874			0
853875			0
854876			0
855877			1
856878			0
857879			0
858880			0
859881			0
860882			0
861883			1
862884			0
863885			0
864886			0
865887			0
866888			0
867889			0
868890			0
869891			0
870892			0
871894			2
872895			0
873896			0
874897			0
875898			1
876899			0
877900			1
878901			1
879902			0
880903			0
881904			0
882905			1
883906			0
884907			0
885908			0
886909			1
887910			0
888911			0
889912			0
890913			1
891914			1
892915			0
893916			0
894917			1
895918			0
896919			1
897920			0
898921			2
899922			0
900923			1
901924			0
902925			0
903926			1
904927			1
905928			0
906929			0
907930			0
908931			2
909932			1
910934			0
911935			1
912936			0
913937			0
914938			0
915939			0
916940			1
917941			0
918942			0
919943			0
920944			1
921945			0
922946			1
923947			0
924948			1
925949			2
926950			1
927951			1
928952			0
929953			0
930954			0
931955			1
932956			0
933957			0
934958			1
935959			0
936960			0
937961			0
938962			0
939963			0
940964			0
941965			0
942966			0
943967			1
944968			1
945969			0
946970			0
947971			1
948972			1
949974			0
950975			1
951976			0
952977			0
953978			1
954979			0
955980			0
956981			0
957982			0
958983			0
959984			0
960985			0
961986			0
962987			1
963988			0
964989			0
965990			1
966991			0
967992			0
968993			0
969994			0
970995			0
971996			1
972997			0
973998			1
974999			0
976000			0
977001			0
978002			0
979003			0
980004			0
981005			0
982006			0
983007			1
984008			0
985009			0
986010			1
987011			0
988012			0
989014			0
990015			0
991016			0
992017			0
993018			0
994019			0
995020			0
996021			0
997022			0
998023			0
999024			0
1000025			0
1001026			1
1002027			0
1003028			0
1004029			1
1005030			0
1006031			0
1007032			1
1008033			0
1009034			0
1010035			0
1011036			0
1012037			0
1013038			0
1014039			0
1015040			0
1016041			0
1017042			0
1018043			1
1019044			0
1020045			0
1021046			1
1022047			0
1023048			0
1024049			0
1025050			0
1026051			0
1027052			0
1028054			0
1029055			0
1030056			0
1031057			2
1032058			0
1033059			0
1034060			0
1035061			1
1036062			0
1037063			0
1038064			1
1039065			1
1040066			1
1041067			2
1042068			0
1043069			1
1044070			2
1045071			2
1046072			1
1047073			0
1048074			0
1049075			0
1050076			0
1051077			0
1052078			0
1053079			1
1054080			0
1055081			1
1056082			0
1057083			0
1058084			1
1059085			0
1060086			0
1061087			0
1062088			0
1063089			0
1064090			0
1065091			0
1066092			0
1067094			0
1068095			0
1069096			1
1070097			0
1071098			0
1072099			0
1073100			1
1074101			0
1075102			0
1076103			0
1077104			0
1078105			0
1079106			1
1080107			2
1081108			0
1082109			0
1083110			1
1084111			0
1085112			1
1086113			0
1087114			0
1088115			0
1089116			0
1090117			0
1091118			0
1092119			0
1093120			0
1094121			0
1095122			0
1096123			0
1097124			0
1098125			0
1099126			0
1100127			0
1101128			2
1102129			1
1103130			0
1104131			0
1105132			0
1106134			2
1107135			0
1108136			0
1109137			2
1110138			0
1111139			0
1112140			0
1113141			0
1114142			0
1115143			1
1116144			0
1117145			0
1118146			0
1119147			0
1120148			0
1121149			0
1122150			0
1123151			2
1124152			0
1125153			0
1126154			0
1127155			0
1128156			0
1129157			1
1130158			0
1131159			0
1132160			0
1133161			1
1134162			0
1135163			0
1136164			1
1137165			1
1138166			1
1139167			2
